$ANSIBLE_VAULT;1.1;AES256
65653131636662333430336438316664346665333535613464636361633437353661633337663165
6136323361646665323034626531666465373463393166380a633764646135386336333339646463
39333134353939633238343262353061363937633362326233613665616261336465353039323464
6236383331323030370a386163346666663263343564636338356333366636313839656337626464
37313139303739396261376330623562336664653434653135313035613139363763623536343065
61313732323265353966326331343439316239333265666466613363653536383735306535376239
35623266333738333066313532363335313638326335343339346661616434303764366465353730
35386161323365346133316663353839356134303364303963386263303931343433306366663561
32623762336462616232353231396435616437636365633665623231626265313262316437393635
38373633653262353863333766396562613439303239343966653232656239653139363665353838
38336130646239663837656637353636646131373532376566386539626364383932336365386463
38393364663865333038386431623439366239666139633566366661656465376463376139383165
65383437336164633635663934346262313531356666326361386534313731363563306335313536
66633431373534623533336464393236326632326330633163343761313133626132396333396162
61626332306162376639323262646462643264643663303461643661356339323836633937323331
64303836303166396661376261616362343336306435363264653062393161393030383461323237
63323138643036363934623035653432323333393337383237356630383530643933336539386231
3030373335373562323134373166626535363535383163393431
