$ANSIBLE_VAULT;1.1;AES256
64656261363163303636666339353961313135656364303538396330373063656231356334383966
3239613466643165323730356563623238376530323433640a613135313032303762623135643336
31356538383564373564366231373461663134383836646662646563653937303737373065623361
3030623565666263620a393237323432313632363666653362353637346265626636316234316130
63323762323761353363396566383263633931326631366133323732373162303333343734326465
38326532313539393462306665653631376330666266383032366363633132373064666435336239
37323032396633326432663831363239626666643563663363353936623461343138346536613363
37653436666561323262356166663834383063373635396462643638643337393064383134303230
35383734623363316632343634343461316437656538376664626663373265623334393231656234
36666361396632333935653433383638356336353662313264376232336264306664343937303762
30633131663731313466663532333037393239383464633839653030373138643464616165663462
63303238346232363165326436663337326238616163656438363263383463616261383638343835
35623833643866336539613436343736663662366366313538333438653630303035
